F1:
4.51761406339e-08
2.46567644484e-08
4.726308344e-09
5.79122470187e-09
2.89069363994e-08
-2.68228935824e-08

F2:
3.29732935123e-08
3.41451064541e-07
-5.81139114372e-08
-1.5242082136e-07
-1.50977838515e-07
-8.02193315537e-07

F3:
-2.91187304824e-09
-8.21802341825e-08
2.57828246594e-07
-2.40205335131e-08
5.29593497342e-07
1.86569646421e-07

F4:
-4.43883824142e-08
-2.40674290473e-08
-2.46943831745e-09
-6.74340858183e-09
-2.41091159324e-08
2.60896905983e-08

F5:
-3.20488930672e-08
-3.35759364368e-07
5.40317306764e-08
1.5078230751e-07
1.42674122882e-07
7.89306052142e-07

F6:
-7.84824485955e-09
1.02772079987e-08
-2.20684975209e-07
5.11833912923e-08
-4.50961804796e-07
-2.27865121105e-08

F7:
4.54818219142e-07
3.04171358325e-07
2.31237562893e-08
3.10751948113e-08
2.31568067739e-07
-4.04545617059e-07

F8:
3.10694674821e-07
3.29052183118e-06
-5.08211206997e-07
-1.4813236819e-06
-1.35794865958e-06
-7.74005642635e-06

F9:
1.88647767407e-08
-5.00303373827e-07
2.43755541579e-06
-3.72323541323e-07
4.99181353378e-06
1.13299485931e-06

F10:
-4.56598164944e-07
-3.16321225151e-07
-1.58576184824e-08
-2.68801199939e-08
-2.16389629871e-07
4.32243041601e-07

F11:
-3.11349235393e-07
-3.29519174424e-06
5.10348743696e-07
1.48319063776e-06
1.36257352949e-06
7.75069818856e-06

F12:
-1.91279725947e-08
4.98388392502e-07
-2.43666944807e-06
3.7310121639e-07
-4.98992136139e-06
-1.12862747256e-06

