F1:
-4.19436023968e-07
-2.42159163916e-07
2.57982277378e-26
1.19535943084e-25
-9.54004394537e-27
1.59936791788e-06

F2:
-1.51924298142e-08
-1.66770445509e-08
-6.30794759866e-28
-9.35553849984e-27
5.33520838962e-26
2.03335926985e-08

F3:
3.6079678134e-10
1.63496993721e-10
-2.37402195923e-29
-3.93252163918e-29
-2.28655112224e-29
-6.90153267868e-10

F4:
-4.4369569191e-06
-2.66608945035e-06
2.65892081016e-25
1.11534931513e-24
2.92684143954e-25
1.65184320157e-05

F5:
7.41242526525e-08
7.53240055329e-08
-8.48914467146e-27
1.31971501507e-26
5.60509994141e-27
-2.21972390357e-07

F6:
6.86172202391e-10
-5.57528689882e-10
2.367625769e-28
7.54134569271e-28
-6.31451428854e-27
6.08996852947e-10

F7:
-4.40360944981e-05
-2.62699970244e-05
2.51885520533e-24
1.10337662028e-23
5.15869715999e-24
0.000164423889075

F8:
-3.13158359522e-07
-4.05089205263e-07
4.58517304247e-26
-1.13644503133e-25
-1.3507325468e-25
-1.64942412617e-07

F9:
-2.58854409019e-08
-2.84347602408e-08
5.36910436033e-27
1.66784333408e-26
-8.47483348157e-26
9.67838298394e-08

