F1:
-7.86075644382e-07
-3.74129746933e-07
5.15030490568e-27
-2.34010205941e-26
-1.1524570174e-26
3.73483927428e-06

F2:
-1.01318375634e-08
-7.70919389437e-09
-7.68198378668e-28
3.43324896144e-27
-3.28972182979e-27
4.38295529207e-08

F3:
2.66166116925e-10
-4.3844830544e-10
5.62356254897e-31
1.59933913838e-28
-3.52032882976e-29
6.06553256608e-10

F4:
-8.01104065934e-06
-3.85462979288e-06
-5.0426581733e-27
-4.29505890078e-26
-3.16862323938e-25
3.81137482096e-05

F5:
-6.14554598877e-09
1.40220538236e-08
3.45199529706e-26
-1.11924366931e-25
1.1781696066e-25
-1.34564154149e-07

F6:
2.1627091229e-09
-4.57506604823e-09
-1.36920392182e-28
2.04309968363e-27
-8.56383431624e-28
7.61765149424e-09

F7:
-7.96546867015e-05
-3.79141411775e-05
2.19580178244e-25
-1.43350251456e-24
-2.16407535003e-24
0.000380359773964

F8:
-5.98689187781e-07
-4.2402850628e-07
6.67620148909e-26
-1.08990795067e-25
1.48354242326e-25
-3.06896493137e-07

F9:
2.89577986867e-08
-3.96576834982e-08
6.00523447401e-27
-3.39286273554e-27
1.6756542062e-26
2.92748986693e-08

