F1:
0.000450169806481
5.36707359467e-05
-8.37837678807e-06
-0.000211482615284
0.000260117783914
-0.000666421157291

F2:
5.94006805756e-05
0.00185145628245
0.00044062687974
-0.0012011839
0.00131157566931
-0.00434086128519

F3:
-6.87226572249e-06
0.000444336747845
0.000698933312019
0.000358106185721
0.000670598083897
-0.00117646977808

F4:
-0.000445967521688
-4.84118060598e-05
9.3543124411e-06
0.000207694825961
-0.000254874556356
0.000649319692785

F5:
-4.28388516248e-05
-0.00183965500979
-0.000443923865559
0.00120171309119
-0.0012951887246
0.00431450055509

F6:
1.03150377144e-05
-0.00043741502421
-0.000690559586892
-0.000361338014309
-0.00065637890857
0.00115705168573

