F1:
1.6470591834e-06
-2.06704150013e-06
7.95089671765e-26
3.34469778364e-25
4.85763060515e-26
-5.11995152652e-06

F2:
-1.80588481935e-06
2.895027466e-06
-7.51458328568e-26
-2.88252981839e-25
-6.95271090323e-26
6.64631174696e-06

F3:
-4.90378204443e-06
7.35353623549e-06
-2.7148793346e-25
-7.83110476006e-25
-3.02388864195e-25
2.25440013504e-05

F4:
1.55113939281e-05
-1.90064571985e-05
7.45157728945e-25
3.22000358858e-24
4.12207690192e-25
-4.68400590413e-05

F5:
-1.90256322198e-05
3.04044553233e-05
-8.01836289955e-25
-3.04045426814e-24
-7.46609590531e-25
7.02983042927e-05

F6:
-4.67368628918e-05
7.00514749911e-05
-2.59493874555e-24
-7.47317183615e-24
-2.9352355417e-24
0.000216192845523

F7:
0.000153748352435
-0.000187921934805
7.38284601525e-24
3.20055452564e-23
4.04834065364e-24
-0.000462563257739

F8:
-0.000189335181221
0.000302772927218
-7.95823734946e-24
-3.02562471311e-23
-7.49530559615e-24
0.000700072285997

F9:
-0.000473057019162
0.000710433615065
-2.61264242111e-23
-7.55787569539e-23
-3.00393691692e-23
0.002190968565

F10:
0.00151223599424
-0.00183653201556
7.26554204072e-23
3.176779451e-22
3.81891810678e-23
-0.00449635667895

F11:
-0.00199099769161
0.00319149451017
-8.29030733875e-23
-3.15824435389e-22
-8.37680957536e-23
0.0074938561339

F12:
-0.00591933354122
0.00910786845798
-3.02202141213e-22
-9.30626465825e-22
-4.21664190339e-22
0.0276954900154

F13:
0.0133467551249
-0.0153977985687
6.24989214783e-22
2.97750841068e-21
1.821142677e-22
-0.0360176592966

F14:
-0.0702678000904
0.107582014839
8.46742538412e-23
1.21103049346e-21
1.35787549364e-21
0.463315288777

F15:
0.00851044003265
0.142991395894
-3.14946761742e-22
3.45748208817e-21
-2.38117128613e-21
1.0197434841

