F1:
3.97605501967e-07
5.07495703461e-07
-1.26081870285e-26
7.01977724376e-26
-3.06241029046e-27
2.93095516746e-08

F2:
5.25937912943e-07
1.48399120167e-06
-1.81352478381e-26
-1.2943777397e-26
-3.76103111767e-26
-8.68810625998e-07

F3:
-9.35253960388e-09
-9.75424020139e-07
-1.4411810839e-25
5.52919875787e-25
-3.2493789907e-25
3.99855983646e-06

F4:
4.04645775742e-06
5.3094459378e-06
-9.92151576315e-26
5.78999062509e-25
7.25990992133e-26
-6.03584336956e-08

F5:
5.58939319623e-06
1.5808655968e-05
-1.54537738169e-25
-3.69844804329e-25
-1.9579141668e-25
-9.42724332686e-06

F6:
1.73119299451e-08
-8.99551153546e-06
-1.36991580488e-24
4.81278988658e-24
-2.78516592891e-24
3.97003288348e-05

F7:
4.13944654192e-05
5.50133960558e-05
-1.10174522518e-24
6.13224377612e-24
4.04553344246e-25
-5.6058540121e-07

F8:
5.47396009791e-05
0.000153296551834
-1.83406803005e-24
-7.9019713665e-25
-3.89740519473e-24
-9.15256540788e-05

F9:
-7.476535763e-07
-9.20852775941e-05
-1.36675473373e-23
4.81729572865e-23
-2.78524069959e-23
0.000397661785746

F10:
0.000411602768455
0.000545622243523
-1.09254835006e-23
6.10802475161e-23
4.03751211545e-24
6.75552784934e-07

F11:
0.000545282777067
0.00153041939907
-1.78339358152e-23
-9.85998267128e-24
-3.83249622137e-23
-0.000899305862137

F12:
-1.89164046442e-05
-0.000944549663692
-1.37466569114e-22
4.8070182137e-22
-2.80488133203e-22
0.00400400729003

F13:
0.00399177789683
0.0052676894597
-1.03985968435e-22
5.65698905005e-22
4.75141311103e-23
0.000544013987756

F14:
0.00522274941263
0.0149592785061
-1.27962721759e-22
-2.72768946223e-22
-3.19625616116e-22
-0.00747443382559

F15:
-0.00206073364453
-0.0129516178626
-1.42932412649e-21
4.5252075336e-21
-2.94816659571e-21
0.0443166027263

