F1:
0.000880576949198
-0.000243506338035
2.80171301911e-05
-2.3658018339e-05
0.000177543605593
0.000364844635446

F2:
-0.000210170072445
0.00477604578176
0.000258005544307
-0.00107055082645
0.000784241843097
-0.0107791565063

F3:
4.97205839516e-05
0.00027230420925
0.00390500893366
0.000480411957467
0.00816282802916
-0.000684902631241

F4:
-0.000874756132993
0.000239784836419
-2.77431203089e-05
2.38350582136e-05
-0.000177491051162
-0.00035616091715

F5:
0.000272822109902
-0.00475071429696
-0.000279578533647
0.00107706277889
-0.000799585275301
0.0107261023396

F6:
-6.10713424473e-06
-0.00026486029993
-0.00387964316785
-0.000492362063369
-0.00812424333207
0.000664214788807

