F1:
8.75745352902e-08
-2.94174654431e-08
1.10775248046e-09
-1.27439345019e-09
1.39356117568e-08
4.78915463471e-08

F2:
-2.32537717137e-08
4.69690603317e-07
2.2688747227e-08
-1.06427709351e-07
7.03002753532e-08
-1.0603878704e-06

F3:
3.30765698164e-09
2.45819188028e-08
3.81630692524e-07
4.78457853108e-08
7.98776741053e-07
-6.2164510435e-08

F4:
-8.73438097682e-08
2.02584953317e-08
-2.05875877885e-12
3.90047963091e-09
-1.23027212283e-08
-2.74996496453e-08

F5:
2.8201384783e-08
-5.13644436603e-07
-3.33930486881e-08
1.15973305687e-07
-9.45908043896e-08
1.15821473476e-06

F6:
-3.05476524631e-09
-2.43656569307e-08
-3.90135574255e-07
-4.94552242645e-08
-8.16048216018e-07
6.19692568179e-08

F7:
8.77074235378e-07
-2.38971665913e-07
2.76890194757e-08
-2.44632361171e-08
1.77244233595e-07
3.54636341175e-07

F8:
-2.40833906151e-07
4.75839935594e-06
2.65712988648e-07
-1.07324407248e-06
7.85388658491e-07
-1.07414311005e-05

F9:
2.82933359796e-08
2.66079431741e-07
3.88783502961e-06
4.8622342762e-07
8.13424724512e-06
-6.68904448779e-07

F10:
-8.77369215002e-07
2.38744577717e-07
-2.64958501918e-08
2.47511739336e-08
-1.74868085951e-07
-3.5412330566e-07

F11:
2.40656456485e-07
-4.75645345142e-06
-2.64619479339e-07
1.07295180984e-06
-7.83027451994e-07
1.07370823309e-05

F12:
-2.73990206079e-08
-2.70874082642e-07
-3.89699976646e-06
-4.86658694166e-07
-8.15315606489e-06
6.79831535057e-07

