F1:
8.80419944713e-06
-2.08936388428e-06
4.2232978158e-06
-1.00793019583e-06
8.05517130039e-06
2.74458233754e-06

F2:
-2.08816065533e-06
3.80434127536e-05
6.8697747986e-06
-4.70494744512e-06
1.57209832606e-05
-8.7982652019e-05

F3:
4.2237830451e-06
6.86589322364e-06
3.95497192072e-05
5.39585277169e-06
8.88972940393e-05
-1.50785023153e-05

F4:
-8.80241873921e-06
2.09472353645e-06
-4.21325068856e-06
1.00887456096e-06
-8.03257016423e-06
-2.75674670639e-06

F5:
2.09265675291e-06
-3.80417693783e-05
-6.87378330562e-06
4.70668987252e-06
-1.57277301208e-05
8.79789011053e-05

F6:
-4.22101112699e-06
-6.86812184856e-06
-3.95591807341e-05
-5.39933236403e-06
-8.89178882487e-05
1.5083369937e-05

F7:
8.8063939319e-05
-2.08791958336e-05
4.22459339928e-05
-1.00888057417e-05
8.05869383887e-05
2.74187382161e-05

F8:
-2.06698318903e-05
0.000380494219727
6.8532249608e-05
-4.69668623569e-05
0.000156938673069
-0.000879965451533

F9:
4.24394958981e-05
6.87095688395e-05
0.000395478582682
5.38557624552e-05
0.000888953921709
-0.000150918498494

F10:
-8.79935414664e-05
2.08962972287e-05
-4.21622000968e-05
1.00788180481e-05
-8.03872711055e-05
-2.74482768356e-05

F11:
2.11530298719e-05
-0.000380288384188
-6.87796291227e-05
4.71630444894e-05
-0.00015727168828
0.000879491679253

F12:
-4.19673850009e-05
-6.86710752174e-05
-0.000395524211288
-5.40771486199e-05
-0.000889008333242
0.000150785244563

F13:
0.00448872653402
-0.0010395980312
0.00219389824253
-0.000520488428068
0.00422626137912
0.00137419628199

F14:
-0.00042643300232
0.0192429705323
0.00310119821869
-0.0020780304182
0.00738086823309
-0.0445064911097

F15:
0.00268922686219
0.00346629333966
0.019662702377
0.0024114082212
0.0442598650902
-0.00766533969972

F16:
-0.00431567999562
0.00104437829139
-0.00203520967644
0.000490460427827
-0.00384089752217
-0.00136173204114

F17:
0.00162953788453
-0.0187311920677
-0.00371954909468
0.00256833659332
-0.00821695644589
0.0433291782528

F18:
-0.00152046216987
-0.00338184948985
-0.019811075989
-0.00296925136244
-0.04447284799
0.00736086734792

