F1:
0.000457626718903
0.000312588833932
1.82679163192e-05
2.90153355274e-05
0.000222002727006
-0.000423651122608

F2:
0.000331974006104
0.00327989351593
-0.00051313863286
-0.00147838971206
-0.00134826216317
-0.00771412956303

F3:
3.11069035601e-05
-0.000506484708729
0.00245089585954
-0.000367965951262
0.00501480953876
0.00115045481557

F4:
-0.000453676939055
-0.000307654423509
-1.77656061043e-05
-3.02907428203e-05
-0.000220377719514
0.000412630239753

F5:
-0.000287946713462
-0.00329280287751
0.000499009216499
0.00148071521825
0.00135872044742
0.00774709248517

F6:
-4.94018932098e-06
0.000505971327308
-0.00243053208767
0.00037218944469
-0.00498222956514
-0.00114254869562

