F1:
-5.25493260889e-05
-0.000200912357995
-1.24906633024e-24
-1.72332731559e-25
-2.06403247218e-25
0.00148161408394

F2:
-8.1241384009e-08
-3.01580472067e-07
-1.93565155448e-27
1.41182215377e-27
-1.45212808879e-28
2.26428482775e-06

F3:
-3.52527823044e-08
-1.42115718249e-07
-8.58584220942e-28
-1.03661690211e-27
-3.60655154748e-29
1.02222733822e-06

F4:
-0.00041936019944
-0.00154122405412
-1.03639914686e-23
7.68219139231e-25
-1.40875095557e-24
0.0116751429536

F5:
-1.11483267035e-07
-1.97623852616e-07
-2.53798372068e-27
3.96599792113e-26
-3.73591278808e-27
2.30560776371e-06

F6:
-3.34533126756e-08
-1.38608815814e-07
-9.20678315608e-28
1.09477126728e-27
-1.33729183425e-27
9.65714538115e-07

F7:
-0.0020864080093
-0.0064356879204
-5.65883273614e-23
5.85884868226e-23
2.24814742674e-24
0.0551565680651

F8:
-4.04350808531e-07
8.80342058335e-07
-8.33195224979e-27
4.22490209102e-25
-3.96746914976e-26
2.44175845376e-06

F9:
-3.23753606424e-08
-2.79170462303e-08
-3.55178766257e-27
6.33682210722e-26
-2.54957084962e-26
3.72451382402e-07

