F1:
1.61636507254e-06
1.54033834049e-06
-4.96545596597e-26
-1.94152339539e-25
-8.77062230572e-26
6.7827414113e-06

F2:
1.55559429002e-06
2.29069942537e-06
-6.22098191412e-26
-2.45385978785e-25
-1.89907936443e-25
1.01607078465e-05

F3:
6.98263861193e-06
1.03570837383e-05
-9.57472570176e-26
-9.86163802224e-25
-6.67074357407e-25
5.65164207642e-05

F4:
1.63916334878e-05
1.57452795894e-05
-4.99954755861e-25
-1.98543283673e-24
-8.82469916076e-25
6.96442193601e-05

F5:
1.57907059964e-05
2.32985695262e-05
-6.24791169395e-25
-2.49934848473e-24
-1.91138928929e-24
0.000103736804763

F6:
7.03612752968e-05
0.000104106390669
-9.61597524187e-25
-9.92441772706e-24
-6.69409743865e-24
0.000568020899834

F7:
0.000165347790772
0.000159357481599
-5.00336079224e-24
-2.00323213738e-23
-8.93460493689e-24
0.000707336428476

F8:
0.000159268651273
0.000234068635648
-6.25159503674e-24
-2.51278479411e-23
-1.91845672478e-23
0.00104329553389

F9:
0.000738687072439
0.00106413177393
-9.74694548311e-24
-1.01834812359e-22
-6.8468810773e-23
0.0058029457575

F10:
0.00179236715513
0.00173654968197
-5.13181110036e-23
-2.15555930231e-22
-9.65586193611e-23
0.00784630229732

F11:
0.00171792881561
0.00242068675361
-6.25798644552e-23
-2.61442970265e-22
-1.97913025056e-22
0.0108757483807

F12:
0.107421605896
0.0504552743327
3.60832648946e-23
7.11078564302e-22
1.17220450864e-22
0.339508205405

F13:
0.128531382862
0.0563576138538
-2.7376506013e-22
1.54462020816e-21
-1.97235613838e-23
0.368947377709

F14:
0.109906303015
0.0536394899434
-2.48613866947e-22
1.01824024078e-22
-6.95877975526e-22
0.334765570096

F15:
0.133264103892
0.051302212417
4.25439482437e-22
5.51326088528e-21
3.10518430959e-23
0.410344808294

