F1:
8.7491928715e-06
2.41737028407e-06
2.76209791791e-07
2.42862110486e-07
1.78327119488e-06
-3.58934080203e-06

F2:
2.42851626631e-06
4.74216130143e-05
-2.73330679852e-06
-1.08847850519e-05
-7.99446892074e-06
-0.000107128217307

F3:
2.75651363291e-07
-2.71345615404e-06
3.88566323155e-05
-4.84139720962e-06
8.12789181319e-05
6.76457973743e-06

F4:
-8.75001689973e-06
-2.42917331361e-06
-2.72063912565e-07
-2.40393635931e-07
-1.77420021112e-06
3.61562118022e-06

F5:
-2.41693186037e-06
-4.73837688475e-05
2.70357535487e-06
1.08784942912e-05
7.93479482334e-06
0.000107043452082

F6:
-2.69451357227e-07
2.72571066655e-06
-3.88623837094e-05
4.84064671129e-06
-8.12926046098e-05
-6.791591132e-06

F7:
8.75286737328e-05
2.42792429952e-05
2.7191113273e-06
2.41217322435e-06
1.77379893239e-05
-3.61310668549e-05

F8:
2.45744193696e-05
0.000474157121846
-2.74581893287e-05
-0.000108885308862
-8.00726445795e-05
-0.00107116582666

F9:
2.92945492428e-06
-2.73405739557e-05
0.000388774324114
-4.8331893591e-05
0.000813163637219
6.8124271111e-05

F10:
-8.74712660612e-05
-2.4251451201e-05
-2.70731104084e-06
-2.41329139603e-06
-1.77184751644e-05
3.60653094387e-05

F11:
-2.3948970318e-05
-0.000474412982697
2.7242546413e-05
0.000108823351477
7.99219306667e-05
0.00107170288177

F12:
-2.49236292221e-06
2.72650936726e-05
-0.000388522012225
4.84510986679e-05
-0.000812779213484
-6.79151950352e-05

F13:
0.00444799136966
0.00126031839863
0.000138731033776
0.000118744132677
0.00088622226611
-0.00191467879115

F14:
0.00196950815523
0.0233172886363
-0.00162075882367
-0.00547901929761
-0.00415476342748
-0.0527363916282

F15:
0.000691063334639
-0.0014550758018
0.0197134544634
-0.00226479431018
0.041061407634
0.00364582520921

F16:
-0.0043014283039
-0.00117015860831
-0.000131852427902
-0.000122840134118
-0.000884508724086
0.00170379314142

F17:
-0.000416588102701
-0.0239572226335
0.00108679290268
0.00532476189989
0.00378231361001
0.0540809044341

F18:
0.000397509572689
0.00126749102185
-0.0190864956557
0.00256232104959
-0.0401070911946
-0.00312707481929

