F1:
-6.56055512693e-09
-5.34215770787e-08
-5.04390183648e-27
1.8030878594e-26
-9.53985733369e-27
1.68100488862e-07

F2:
7.02454217016e-09
1.22187958085e-08
-1.02979215397e-27
3.05537000944e-27
-2.31519737776e-27
1.23813801434e-08

F3:
4.78752759658e-10
1.76448039513e-09
3.41868209391e-30
-1.10470412231e-28
2.73671239714e-29
-1.26722066174e-09

F4:
-6.70778006751e-08
-5.44901293198e-07
-5.18634599215e-26
1.90686996359e-25
-1.02827448492e-25
1.69242939385e-06

F5:
7.58694428393e-08
1.44921787071e-07
-8.54274870216e-27
1.71049141662e-26
-1.34749072322e-26
1.03793071804e-07

F6:
3.95883048565e-09
1.58755606716e-08
9.02681761462e-29
-1.32523048692e-27
4.44999683539e-28
-1.20179237673e-08

F7:
-9.0677129147e-07
-6.19806669688e-06
-5.47961117336e-25
2.15344615301e-24
-1.21170716522e-24
1.75350618448e-05

F8:
1.12614869127e-06
2.35930730894e-06
-8.63673895333e-26
1.25381351919e-25
-9.4897223316e-26
4.54474116451e-07

F9:
-8.25029145557e-08
-1.10130788461e-07
5.58776147439e-27
-2.90366743241e-26
1.65009986721e-26
2.54811194367e-09

