F1:
1.10838349757e-05
1.12514573264e-06
3.31881249248e-26
1.6268434756e-25
-2.35330110317e-26
3.13504416671e-05

F2:
9.57960277104e-07
3.44387976858e-07
-3.16686307286e-26
9.53067659839e-26
-5.98375761104e-27
2.45967741286e-06

F3:
3.1313116743e-05
2.94791306099e-06
5.27477519309e-26
1.329668307e-25
4.6610503563e-26
9.54278716551e-05

F4:
0.000110527609666
1.12183663198e-05
3.29603961321e-25
1.61662886777e-24
-1.70320848568e-25
0.000312717042608

F5:
9.85446374904e-06
3.44057951601e-06
-3.02991455682e-25
9.45905488515e-25
-2.41834338843e-25
2.54328879632e-05

F6:
0.000312850250305
2.94328781729e-05
5.46276240492e-25
1.28763108832e-24
3.66545984529e-25
0.000954188057327

F7:
0.00113971946072
0.000116238569307
3.49348834195e-24
1.62456745096e-23
-1.80011801177e-24
0.00323494078736

F8:
0.000111492307403
3.58221877836e-05
-3.00612225006e-24
9.603004292e-24
-2.18784168994e-24
0.000291765643094

F9:
0.00366034226771
0.000352690226628
8.57605024281e-24
1.43136765574e-23
-1.23716710923e-24
0.0111748523536

F10:
0.0654254957598
0.0142930510395
-1.03397149817e-22
1.07082866032e-22
1.98437082806e-22
0.232100345316

F11:
0.0630479669329
0.0133172755114
-5.44126974166e-23
1.05779720683e-22
4.20891153871e-24
0.221576966474

F12:
0.0740715248891
0.0185337425354
-4.31011253257e-22
5.84626239324e-24
9.47952302485e-22
0.280968369176

F13:
0.0817784102804
0.0240949639213
-6.69165183161e-22
1.1598445845e-21
1.00369776809e-21
0.30361327232

F14:
0.0772894064293
0.0215576727428
-4.77817292642e-22
1.18024142103e-21
-2.75403721263e-23
0.28013386101

F15:
0.100741894397
0.0372999467632
-2.3737075721e-21
3.10922172387e-21
6.17861302125e-21
0.539705161296

