F1:
3.47024799151e-05
3.29990818851e-06
6.29056323515e-26
1.87266917202e-25
3.11500545276e-26
0.000104953113936

F2:
-4.53372859255e-07
-4.90581313073e-08
-1.33578341785e-27
-5.43737844942e-27
-1.21817398825e-28
-1.29598096033e-06

F3:
4.15904347073e-09
-2.29720686917e-10
1.38339467893e-28
-1.66284579371e-28
-4.03460892849e-28
1.21055687696e-08

F4:
0.000350882657711
3.3381076352e-05
6.67845954031e-25
1.85946586318e-24
1.52337778947e-25
0.00106160311739

F5:
4.24293211121e-08
-5.52031195755e-09
2.25800200111e-28
-8.64305892332e-27
-5.95812240858e-27
2.87960073786e-07

F6:
6.4936758748e-10
-5.91565621488e-09
1.20656478806e-27
-1.63263677961e-27
-5.29735190908e-27
-3.99480559743e-10

F7:
0.00413929141564
0.000403895566236
1.034246036e-23
2.01539632142e-23
-3.18800604357e-24
0.0125594710859

F8:
1.07479002476e-07
-1.00365696643e-07
9.48758720244e-28
-9.79160375862e-26
-8.17256084671e-27
2.02132270144e-06

F9:
1.16878262346e-08
-5.87053852752e-08
1.20763509007e-26
-1.6312559383e-26
-5.2824840419e-26
1.12262602547e-08

