F1:
5.03439533117e-08
5.78338241982e-10
-4.07049070287e-09
-2.08481255739e-08
2.68763693388e-08
-6.77317312637e-08

F2:
9.24811474623e-09
1.73854052164e-07
3.72102220029e-08
-1.20836356917e-07
1.25598654187e-07
-4.17356435548e-07

F3:
7.4123288063e-10
4.93682239228e-08
7.14612581442e-08
3.31721834679e-08
7.12298655324e-08
-1.31329015728e-07

F4:
-4.15162499934e-08
-5.36494693342e-10
2.05832989419e-09
1.74615762606e-08
-2.01193705296e-08
4.93069873909e-08

F5:
5.25722049227e-10
-1.96209522489e-07
-5.25601715846e-08
1.17907094724e-07
-1.34769757636e-07
4.47424611683e-07

F6:
7.42961886457e-10
-4.86435912291e-08
-7.24586529024e-08
-3.65091228781e-08
-6.98321088882e-08
1.271748584e-07

F7:
4.52566098846e-07
6.99609635963e-08
-5.23539262567e-09
-2.28386950635e-07
2.73332667348e-07
-7.06390443468e-07

F8:
5.17574915981e-08
1.85462918164e-06
4.46383339023e-07
-1.20500325253e-06
1.31039547803e-06
-4.34873162619e-06

F9:
-5.79350861729e-09
4.39407718063e-07
6.93527632831e-07
3.59384068398e-07
6.64501411831e-07
-1.16927577028e-06

F10:
-4.45829429097e-07
-5.15855537525e-08
9.02965671845e-09
2.11125817026e-07
-2.56032468002e-07
6.54186740523e-07

F11:
-5.40590122111e-08
-1.83319471766e-06
-4.3528152374e-07
1.19988639605e-06
-1.29679431766e-06
4.30655506294e-06

F12:
2.01541225375e-09
-4.43194809849e-07
-6.91545574084e-07
-3.49358274239e-07
-6.69360830441e-07
1.18393895885e-06

