QL: 
0.4
0.5
-0.5
0.4
1.570796326794897
0.0

QR: 
-0.4
0.5
-0.5
-0.4
1.570796326794897
0.0

J1: 80
J2: 600
J3: 100
J4: 20
J5: 30
J6: 10

F1:
0.00288171929736
3.78280130314e-07
0.00678419823865
-1.90469166286e-07
0.00352686609259
9.44681034622e-07

F2:
-3.65558361394e-05
0.00205518202816
-0.000100883649411
0.000187926738404
-5.26816389668e-05
-0.000992995700037

F3:
0.00638739231649
6.15800536658e-06
0.0169708022853
-1.45511497724e-07
0.00892085649129
-9.49904903026e-07

F4:
0.0176078771028
2.58080493905e-06
0.0417389948039
-9.03636414593e-07
0.0219670668924
1.00085212102e-05

F5:
3.58589993538e-05
0.0121025484299
-3.83082192644e-05
0.000886745068844
-1.75746134646e-05
-0.00577296864231

F6:
0.0375302123217
-1.40011074936e-05
0.094291203015
-2.98070425895e-06
0.0501173316487
2.03905944165e-05

F7:
0.0979821755504
-9.27748691905e-06
0.209725402338
-1.83150667568e-06
0.112077340449
6.43000838158e-05

F8:
0.000209401997494
0.0367031224657
-0.0008775001931
0.00353353337079
-0.000435214298382
-0.0177834069072

F9:
0.183057849252
-9.93339496619e-06
0.368164482869
-1.10353127958e-05
0.200898059193
1.33928242354e-05

F10:
0.28645487672
-1.65921325588e-05
0.502451410481
4.31179559062e-06
0.279937074908
0.000151619145432

F11:
0.000488066654927
0.0669566531184
-0.00360570875339
0.00680614915002
-0.0018203565191
-0.033215745853

F12:
0.373503034876
4.26979254277e-05
0.627102964031
-9.20084040149e-06
0.356591201917
-1.73305368047e-05

