F1:
4.3359310517e-06
6.36750157004e-06
-6.58566454594e-26
-6.12607943462e-25
-4.13918851403e-25
3.43771148998e-05

F2:
2.88520687619e-08
3.79646853677e-08
-7.96715546032e-28
-4.8846755792e-27
-1.37842967053e-27
1.81015576306e-07

F3:
-2.8652683004e-10
6.67056798687e-10
-4.613866312e-29
-1.03949653821e-28
-7.7177222448e-29
7.89093457243e-10

F4:
4.36733232392e-05
6.40556784755e-05
-6.61739256559e-25
-6.17052377047e-24
-4.15406209489e-24
0.000345806433577

F5:
9.42464653542e-08
7.39308902986e-08
-5.19928680436e-27
-1.28631393765e-26
-4.26752645063e-27
1.7268734942e-07

F6:
-4.41289360609e-09
4.25005641791e-09
-4.38618481893e-28
-7.50945152581e-28
-7.00622085914e-28
-5.03086539094e-09

F7:
0.000449849836106
0.000649472374514
-6.66981920062e-24
-6.27133013826e-23
-4.21265216809e-23
0.00350551907119

F8:
7.36613066599e-07
4.17749761589e-07
-4.89608811989e-26
-9.04088482645e-26
-3.30388766073e-26
1.03526284212e-08

F9:
-4.32825781327e-08
4.1001955553e-08
-4.54866336204e-27
-7.91719001952e-27
-6.35849775485e-27
-6.71430100407e-08

