F1:
6.23316236953e-06
2.63081004009e-06
-3.14816379634e-06
1.99554178376e-06
-1.12890364199e-05
-4.98341731989e-06

F2:
2.63235968045e-06
7.89812348333e-06
-8.84231425771e-06
4.00067957142e-06
-2.13600947769e-05
-1.19885690535e-05

F3:
-3.10086905353e-06
-8.81295852919e-06
1.98289853758e-05
-2.77297164025e-06
4.08511185028e-05
1.84294345432e-05

F4:
-6.23876193007e-06
-2.63735611636e-06
3.1590644632e-06
-1.99933917146e-06
1.13145819602e-05
4.9951938836e-06

F5:
-2.59037088945e-06
-7.85352019974e-06
8.77057915978e-06
-3.97625794116e-06
2.11801369324e-05
1.19046016739e-05

F6:
3.11114936424e-06
8.82404309974e-06
-1.98487030245e-05
2.77954665955e-06
-4.08964581987e-05
-1.84498110928e-05

F7:
6.21924762845e-05
2.61486732067e-05
-3.12206782822e-05
1.98597979155e-05
-0.000112273571882
-4.95510453971e-05

F8:
2.62439490327e-05
7.88925918906e-05
-8.82109158593e-05
3.98714203279e-05
-0.00021315150753
-0.00011972098819

F9:
-3.10729217919e-05
-8.82536973345e-05
0.000198457038377
-2.77825892252e-05
0.000408935166676
0.000184518713

F10:
-6.21547991186e-05
-2.60938641819e-05
3.11085875891e-05
-1.9843006403e-05
0.000112024728466
4.94301503778e-05

F11:
-2.6132118991e-05
-7.8717380955e-05
8.80380772513e-05
-3.99718153119e-05
0.000212711228893
0.000119418646459

F12:
3.11845721368e-05
8.82785567829e-05
-0.000198594560177
2.78334502176e-05
-0.000409182463629
-0.000184570909614

F13:
0.0031470413959
0.00136448097477
-0.00168100355761
0.00100683088372
-0.00587656871882
-0.00260711075659

F14:
0.00140936568729
0.00411591369013
-0.00453847905895
0.00183387381047
-0.0109985070181
-0.00628049902555

F15:
-0.00140988302227
-0.00436513861567
0.00973077824261
-0.00132045940293
0.0200889689464
0.00912846764909

F16:
-0.00307210192671
-0.0012502818708
0.00143952326803
-0.000977700931136
0.00534506315077
0.00234669439062

F17:
-0.00122059423796
-0.00378370117619
0.00428624220484
-0.00214675026294
0.0103218236926
0.00571864461242

F18:
0.00170993675223
0.00445186192638
-0.0101163405554
0.00146157594081
-0.0208045551265
-0.00930354309795

