F1:
0.000400490244308
0.000231885009035
0.000177118771161
0.000284269797793
-0.000228776175873
-0.000254081444599

F2:
0.000234603474677
0.000732167689989
-0.000699771841035
-5.16699610115e-05
-0.00183067672936
-0.00130010890643

F3:
0.000181989022606
-0.000696149400253
0.00149182760163
-0.000377853533145
0.00292029013905
0.00130465090458

F4:
-0.000397206461498
-0.000228473925582
-0.000178936004481
-0.000280523224829
0.00021819402375
0.000245753649622

F5:
-0.000226732686176
-0.000723929914562
0.000694210035484
5.34764695577e-05
0.00180198388435
0.00128311705281

F6:
-0.000173746327299
0.000700814942482
-0.00149575792048
0.000383922757596
-0.0029313124693
-0.00131011047292

