F1:
5.78713773541e-07
1.29596003376e-06
-2.56098567913e-27
-8.95329666829e-26
-3.07344099289e-26
-1.14506505373e-05

F2:
1.53534809574e-06
7.8990803036e-06
3.31124284536e-26
3.71849625452e-25
-3.76027737547e-26
-5.03423611899e-05

F3:
-1.35174500659e-05
-5.16499947968e-05
-3.2076092625e-25
-2.54775662259e-27
-6.14283793238e-26
0.000380818193772

F4:
6.50669521224e-06
1.5857817315e-05
-8.41812469181e-27
-8.69302699486e-25
-3.09741199793e-25
-0.000135391403328

F5:
1.63246145027e-05
8.30013412362e-05
3.53295055776e-25
3.75030734027e-24
-3.77009079747e-25
-0.00053180848248

F6:
-0.00012606766257
-0.000475828199607
-3.03204572046e-24
1.77032453788e-25
-5.53721694223e-25
0.00353765736937

F7:
6.72004580557e-05
0.0001677112182
-4.09808995528e-26
-8.63525054591e-24
-3.10991801267e-24
-0.00141660000861

F8:
0.000202327896794
0.0010031369096
4.29559349146e-24
3.83998725156e-23
-3.58255373923e-24
-0.00648293317335

F9:
-0.000848639375135
-0.00295796183068
-2.18065162373e-23
1.16058207152e-23
-2.84818779725e-24
0.0232246613343

F10:
0.00374540147765
0.0198594896467
-2.28594269876e-23
-1.061224319e-22
-5.68039901924e-23
-0.116142791055

F11:
0.00391729323986
0.026677708959
-6.72596106889e-23
2.20357604737e-22
-7.55419924757e-23
-0.141688138586

F12:
-0.0035927179271
-0.00935622006608
-9.99327471662e-23
2.27977446847e-22
2.16373820438e-23
0.0907788824756

F13:
0.00628841295165
0.0233331541448
-1.95819213495e-22
-9.87677569102e-22
-6.09094450722e-22
-0.146829723711

F14:
0.00318107528712
0.0528460522545
-4.35542390211e-22
2.20050980873e-21
-7.28962598914e-22
-0.216246097294

F15:
-0.0132375207309
-0.012836665616
-3.62856904111e-22
1.98164008299e-21
1.11242089193e-21
0.268842939612

