F1:
8.84638313159e-08
1.90902112688e-08
4.40863288291e-09
3.54612541407e-09
2.16681723276e-08
-2.42857569339e-08

F2:
2.32226570474e-08
4.68795418737e-07
-2.31459762601e-08
-1.08180363795e-07
-7.11980322254e-08
-1.05922187157e-06

F3:
1.01545888365e-09
-3.98258433856e-08
3.91715123778e-07
-4.56302079469e-08
8.19884427255e-07
9.58585629554e-08

F4:
-8.79718578539e-08
-2.90038315076e-08
-5.74943561315e-09
-5.98205241726e-10
-2.36332756943e-08
4.65041223006e-08

F5:
-2.35594175002e-08
-4.6801188036e-07
2.27944564613e-08
1.08013534307e-07
7.0369225737e-08
1.0573497675e-06

F6:
-1.60638904956e-09
3.59319145863e-08
-3.91563904128e-07
4.66316615627e-08
-8.19376572227e-07
-8.72440980841e-08

F7:
8.74367554304e-07
2.399550255e-07
2.69180316165e-08
2.48703730756e-08
1.76956549833e-07
-3.5506356214e-07

F8:
2.43270690176e-07
4.74748283057e-06
-2.76362575552e-07
-1.08926210317e-06
-8.06027295121e-07
-1.07247076347e-05

F9:
2.60258820051e-08
-2.81487378623e-07
3.8891281369e-06
-4.82144893022e-07
8.13555226762e-06
6.99032686016e-07

F10:
-8.75362273889e-07
-2.45968178208e-07
-2.85797182449e-08
-2.29818969223e-08
-1.80041026212e-07
3.68280133061e-07

F11:
-2.43575632553e-07
-4.74936737322e-06
2.7750083624e-07
1.08953294578e-06
8.08457874303e-07
1.07288999473e-05

F12:
-2.80381289852e-08
2.6579391309e-07
-3.88424295643e-06
4.85431179586e-07
-8.12480415703e-06
-6.64139210582e-07

