F1:
3.99428095491e-06
2.30398676842e-06
1.78461285681e-06
2.82933163946e-06
-2.24272774974e-06
-2.50500515515e-06

F2:
2.30592400349e-06
7.28007672444e-06
-6.97039676672e-06
-5.26921041758e-07
-1.81623602445e-05
-1.2915075656e-05

F3:
1.77693166883e-06
-6.9841458663e-06
1.4933841594e-05
-3.81004840277e-06
2.9256977621e-05
1.30741576219e-05

F4:
-3.98766344661e-06
-2.30272972533e-06
-1.77774746716e-06
-2.8235311315e-06
2.23687837223e-06
2.5002193228e-06

F5:
-2.304397518e-06
-7.27730769211e-06
6.96760887245e-06
5.28616399802e-07
1.81536554323e-05
1.29101810187e-05

F6:
-1.77767604673e-06
6.98237372867e-06
-1.49326383811e-05
3.80832559993e-06
-2.92511092315e-05
-1.30707418856e-05

F7:
3.98892722201e-05
2.3035531097e-05
1.77777675967e-05
2.82462234666e-05
-2.23945005431e-05
-2.50304136462e-05

F8:
2.30961967062e-05
7.28392153045e-05
-6.97290928197e-05
-5.25985613765e-06
-0.000181756972493
-0.000129230064777

F9:
1.78380289041e-05
-6.98226271331e-05
0.000149367416895
-3.80492101095e-05
0.00029251544854
0.000130707130478

F10:
-3.9858509269e-05
-2.29995181757e-05
-1.78017033255e-05
-2.82100254445e-05
2.2284663239e-05
2.49447234012e-05

F11:
-2.30146984887e-05
-7.27557031832e-05
6.9675639462e-05
5.27940530757e-06
0.000181466851755
0.000129057206901

F12:
-1.77601578801e-05
6.98712093957e-05
-0.000149416041317
3.81073727795e-05
-0.000292631751888
-0.000130764258543

F13:
0.00203624738057
0.00119550414169
0.000865591220826
0.00145986865338
-0.00125540709743
-0.00135915148294

F14:
0.0012560558388
0.0037502202743
-0.00355823098862
-0.000244008669417
-0.0094512729771
-0.00668710431578

F15:
0.000989565136407
-0.00343392565552
0.00741776125427
-0.00182987976043
0.0144893587441
0.00646617461305

F16:
-0.00195429517532
-0.00111013410454
-0.000910912302855
-0.00136740413181
0.00099208906168
0.00114984175771

F17:
-0.00105919642346
-0.00354360730101
0.00341861032408
0.000286005229766
0.00873435428707
0.00626054387859

F18:
-0.000783523374168
0.00355047553227
-0.00751558430396
0.00198109417085
-0.0147638372388
-0.00660329646089

