F1:
-0.00110335116959
0.000620155436143
-9.16940906554e-24
2.59347787615e-23
3.28790328025e-23
0.00484744073951

F2:
-1.0336101112e-06
5.70436954672e-07
-9.89189617972e-27
2.59962569905e-26
3.41166485995e-26
4.60266272573e-06

F3:
-6.92557520082e-07
3.8509441383e-07
-6.15138016461e-27
1.85278211976e-26
2.3134122549e-26
3.04765703574e-06

F4:
-0.0227510521438
0.0148038451214
2.82945667968e-23
-1.12840361415e-22
-1.40047970416e-22
0.0917191010845

F5:
-0.0181939644397
0.0115442979287
-5.3219994532e-27
-1.23214327794e-26
-7.15005463281e-27
0.0743375217076

F6:
-0.018193832697
0.0115442307306
-7.21148400954e-28
2.67589939226e-27
3.52674334147e-27
0.074336560481

F7:
-0.0338608180097
0.0232473990208
9.63501868735e-23
-4.43287564192e-22
-6.40358956915e-22
0.133493901448

F8:
-0.0181840711203
0.0115371833491
-1.14361832404e-25
8.04119883204e-26
1.82187741036e-25
0.0743038557175

F9:
-0.0181932804059
0.0115438883106
-6.78317588674e-27
2.500732244e-26
1.95351965071e-26
0.0743345544911

