F1:
8.68057537518e-08
4.88478580635e-08
-6.45082769943e-08
3.79498841945e-08
-2.1118446129e-07
-9.50061867038e-08

F2:
2.26745291432e-08
7.62987921219e-08
-8.45605912457e-08
3.82273439417e-08
-2.0126521892e-07
-1.14280385083e-07

F3:
-2.63736822936e-08
-8.27232924314e-08
1.89179804017e-07
-2.46848845382e-08
3.87044241984e-07
1.743531509e-07

F4:
-6.7368970097e-08
-3.59664853082e-08
4.93925630224e-08
-2.46437930893e-08
1.46827686168e-07
6.58105509434e-08

F5:
-2.79277945492e-08
-8.06420331343e-08
9.03898794806e-08
-4.22552211136e-08
2.20969663473e-07
1.23302130649e-07

F6:
3.6668797776e-08
9.49281544534e-08
-2.09854190316e-07
3.15090924698e-08
-4.35288860844e-07
-1.9670099086e-07

F7:
6.24774669888e-07
2.64782056713e-07
-3.1767810731e-07
2.00517581759e-07
-1.1356385659e-06
-5.0145785811e-07

F8:
2.71982128403e-07
7.95083333927e-07
-8.90878949598e-07
4.04424562242e-07
-2.16253193731e-06
-1.21075776709e-06

F9:
-3.02501525606e-07
-8.72264069416e-07
1.96764661243e-06
-2.72247393511e-07
4.04936471958e-06
1.82635625075e-06

F10:
-6.3137608694e-07
-2.72511020511e-07
3.30725085516e-07
-2.04864779025e-07
1.16629365625e-06
5.15651033635e-07

F11:
-2.64656058319e-07
-7.90896867419e-07
8.85869808577e-07
-4.00937020403e-07
2.14106872599e-06
1.20110789267e-06

F12:
3.16674526907e-07
8.8903549269e-07
-1.99605647525e-06
2.81647503588e-07
-4.1158000341e-06
-1.85712422404e-06

