F1:
3.04498940374e-05
-1.70099810647e-05
2.18800675883e-25
-7.93130190816e-25
-9.59616294506e-25
-0.000131062832362

F2:
-1.668182624e-05
9.64730346173e-06
-1.29160796671e-25
5.56629965813e-25
5.75408158032e-25
7.14153396659e-05

F3:
-0.000138502444612
7.71275854355e-05
-1.26028096203e-24
3.4385053694e-24
4.4121520006e-24
0.000612836142992

F4:
0.000300116136975
-0.000167261177721
2.20044753846e-24
-7.95831505663e-24
-9.63202251353e-24
-0.00129297037772

F5:
-0.000181887382284
0.000104993493823
-1.40515264896e-24
5.90944910825e-24
6.18403081094e-24
0.000779856615715

F6:
-0.00195188519178
0.00110458581705
-1.52629313293e-23
4.31087468973e-23
5.46744244869e-23
0.00854742975963

F7:
0.00224078395706
-0.00122951365217
1.79360175003e-23
-6.68749644998e-23
-8.04876120677e-23
-0.00966738055309

F8:
-0.0200556137603
0.0128873624562
1.29386864973e-23
-3.10868689351e-23
-4.63545716894e-23
0.081263349758

F9:
-0.0239821082212
0.0157038342691
3.52581581882e-23
-1.49971119668e-22
-1.86655833583e-22
0.0964687119122

F10:
0.00973776589328
-0.00503188349894
9.69563769387e-23
-4.23504004976e-22
-4.90967724673e-22
-0.0418087198619

F11:
-0.0273032131099
0.0184130467822
7.69601030609e-23
-1.46509106719e-22
-2.59142540187e-22
0.106806843351

F12:
-0.03652011558
0.0253770259619
9.64255431957e-23
-5.22959701642e-22
-8.1458175931e-22
0.144522297315

F13:
0.0300927382586
-0.0136729517036
2.27509266104e-22
-2.58209295552e-21
-2.35201240059e-21
-0.116965079189

F14:
-0.0479352744289
0.0362503537775
3.16927981169e-22
-3.5981126793e-23
-8.19734063633e-22
0.167120476514

F15:
-0.0573441627568
0.0451913273434
-2.17028160317e-22
7.68090692404e-22
-3.33617148094e-21
0.245688461173

