QL:
0.0
0.8
-0.7
0.0
1.5
0.0

QR:
0.0
0.8
-0.7
0.0
1.5
0.0

J1: 30
J2: 60
J3: 50
J4: 50
J5: 10
J6: 3\

F1:
0.00113557871211
5.9197275794e-05
0.00180257512767
2.85419024983e-05
0.000875275502798
-5.61973445463e-05

F2:
1.6000720406e-05
0.00352366155874
2.47654572547e-05
-0.000187688248679
1.2665332989e-05
-0.0021025771021

F3:
0.00211908162107
0.000138736125775
0.0061224008396
6.86039411679e-05
0.00310356450644
-0.000131915236052

F4:
0.0131988913896
0.000195913673743
0.0211938532381
6.97050509944e-05
0.0101862342136
-0.00017779509499

F5:
0.00243977375995
0.0284500234125
-0.00127724185127
-0.00162521922609
-0.000989259574739
-0.015012350496

F6:
0.023393608302
-0.000332433460446
0.0633677259529
-3.59552702791e-05
0.0320519253578
0.000261367041585

F7:
0.0586614963353
-0.000962039464853
0.108767012823
-0.000118018174699
0.055450445238
0.000780462724672

F8:
0.00598621183408
0.100671016696
0.000324846767171
-0.00944265843701
-3.2249631838e-05
-0.0484986198811

F9:
0.111643487116
-0.000900705219352
0.262107451469
-6.32788322914e-05
0.136886120773
0.000722114280127

F10:
0.133668505349
-0.000776270796033
0.249262565608
-0.000164993012578
0.131409358493
0.000773677504849

F11:
0.0151564411623
0.187666554023
0.00249622552089
-0.0237390917374
0.00346804889022
-0.0889729211001

F12:
0.233513517175
-0.000413502257849
0.473693122403
-0.000141175961792
0.254349357566
0.000543099605408

