F1:
0.000883752988836
-0.000208722507587
0.000425281607817
-0.000101441532101
0.000812728985457
0.000274460921234

F2:
-0.000184830199455
0.00381385836325
0.000673883476981
-0.000460615442534
0.00155366197706
-0.00882022710774

F3:
0.000445479968904
0.000688491572643
0.00395178061581
0.000528443744461
0.00888498373078
-0.001514360249

F4:
-0.000876825014005
0.000208895710893
-0.000418948767533
0.00010023411735
-0.000797340693282
-0.000273930078105

F5:
0.00023314080134
-0.00379330474049
-0.000698642636028
0.000480199195537
-0.00158701632257
0.00877292005699

F6:
-0.000398543715094
-0.000685119027341
-0.00395773011567
-0.000550776421639
-0.00889352008467
0.00150214970784

