F1:
1.25153070407e-08
3.27357017327e-08
-6.74528420794e-27
2.35223273656e-26
2.74412181646e-26
2.96013063661e-07

F2:
2.70334893637e-08
-8.78148864736e-09
-1.68007248826e-27
-4.55694843162e-27
1.974021339e-27
2.19300077439e-11

F3:
1.08301242974e-09
-2.85231033237e-10
1.05765799348e-29
-2.20299612271e-28
-1.72884646577e-28
5.82149998768e-10

F4:
1.24428114923e-07
3.2667731209e-07
-6.90272201238e-26
2.36907886953e-25
2.82359958298e-25
2.95484376557e-06

F5:
2.73591633099e-07
-8.99823227318e-08
-1.90067290235e-26
-4.41732506415e-26
2.98834588274e-26
-5.94969131309e-09

F6:
8.96364341085e-09
-2.25600160775e-09
2.09719586865e-28
-1.87732166623e-27
-1.81260079012e-27
5.78532861878e-09

F7:
1.36038059809e-06
3.23634724211e-06
-6.98146854726e-25
2.35442727941e-24
2.82791296634e-24
2.97062566932e-05

F8:
2.73356021044e-06
-9.00239422702e-07
-1.91988036756e-25
-4.39323401526e-25
3.08924203775e-25
-6.58934832423e-08

F9:
6.39652944501e-08
-1.73864616593e-08
-7.49632548093e-27
-9.44399306931e-27
1.82077989291e-26
-2.6636464973e-08

