F1:
4.78375543306e-06
-3.14199350481e-06
5.03544975859e-06
-5.23134170345e-07
8.5766481881e-06
4.74220397232e-06

F2:
-3.14527320108e-06
1.69781433231e-05
8.66813497757e-06
-8.86066718803e-06
2.01782799683e-05
-4.23067147183e-05

F3:
5.02938864846e-06
8.67487456695e-06
2.57488071074e-05
6.24797621945e-06
5.78621297564e-05
-1.88273612967e-05

F4:
-4.7789590765e-06
3.1549776019e-06
-5.00809894259e-06
5.27175952244e-07
-8.51672098896e-06
-4.77271706311e-06

F5:
3.14610838364e-06
-1.69826802835e-05
-8.67509221085e-06
8.8601628218e-06
-2.01923653675e-05
4.23160882027e-05

F6:
-7.43557325697e-06
-1.89326423002e-06
-2.36138938968e-05
-9.24750605173e-06
-5.22480776907e-05
3.14061408589e-06

F7:
4.78497869994e-05
-3.14738120633e-05
5.03049842882e-05
-5.23500320954e-06
8.56630564131e-05
4.75446800278e-05

F8:
-3.13625580979e-05
0.000169740952131
8.66975106801e-05
-8.85814851761e-05
0.000201868827307
-0.00042302906448

F9:
5.04101091395e-05
8.67025982441e-05
0.000257493323687
6.24143897615e-05
0.00057860904446
-0.000188230655294

F10:
-4.78133464051e-05
3.14132232102e-05
-5.03182388514e-05
5.23684429621e-06
-8.56771177598e-05
-4.74088750417e-05

F11:
3.15437912762e-05
-0.000169887944747
-8.67762422732e-05
8.86262167788e-05
-0.00020192949978
0.000423245077786

F12:
-5.01383210901e-05
-8.67747068444e-05
-0.000257409769105
-6.25412958468e-05
-0.000578474976245
0.000188258495062

F13:
0.00245491378061
-0.00160655487495
0.00259169557059
-0.000244520585979
0.004469215837
0.00244637281494

F14:
-0.00135430777375
0.00829779917394
0.00421415797215
-0.004379004347
0.00996492657851
-0.0208611576988

F15:
0.00285220000109
0.00424647541959
0.0129711445438
0.00297277161159
0.0290938857096
-0.00937056446526

F16:
-0.00233137312926
0.00154062792516
-0.0024415190447
0.000277886072118
-0.004105497504
-0.00230829613175

F17:
0.00180198196437
-0.00868801183057
-0.00445786595483
0.00447014474563
-0.0102164151216
0.021461169412

F18:
-0.00217445995779
-0.0044283821318
-0.0127603720846
-0.00327499872695
-0.0287425807983
0.0094553632277

