F1:
4.64170404577e-06
-3.48929226951e-06
-1.76954240715e-26
-2.82485879244e-25
-2.62481658032e-25
1.95227885164e-05

F2:
-3.48408203529e-06
3.2073887013e-06
-1.83803609075e-26
2.56828692413e-25
5.06801796673e-26
-1.74510771104e-05

F3:
1.97802573587e-05
-1.77051496056e-05
1.13267481805e-26
-1.26957021524e-24
-7.22419647963e-25
9.83767696029e-05

F4:
4.70162645925e-05
-3.54354654565e-05
-1.72398241722e-25
-2.87590299573e-24
-2.6247212058e-24
0.000198241636298

F5:
-3.52952987942e-05
3.2465488094e-05
-1.87713450973e-25
2.61252691221e-24
5.01046850461e-25
-0.000176672707768

F6:
0.000200385233559
-0.000179543702804
1.26833762776e-25
-1.28620170549e-23
-7.30014569851e-24
0.000997689639638

F7:
0.00047719853661
-0.000361399228811
-1.66556006123e-24
-2.91432028184e-23
-2.64397327748e-23
0.00202260677895

F8:
-0.000347376134514
0.000319064629149
-1.85911431629e-24
2.58235917705e-23
4.81341742293e-24
-0.00173506522979

F9:
0.00226530676261
-0.00205509268903
2.53357095523e-24
-1.43771671376e-22
-8.25115069397e-23
0.0114313461039

F10:
0.00574503371469
-0.00462119178711
-8.95006045439e-24
-3.40578115862e-22
-2.93516758291e-22
0.0259754237275

F11:
-0.00301369143961
0.00273897063883
-1.69713925161e-23
2.31514942139e-22
3.38400554183e-23
-0.0147944698763

F12:
0.024690477009
-0.076527665369
2.67518228379e-22
-2.12823345113e-21
-1.61625654585e-21
0.386084193837

F13:
0.0356986237779
-0.0472068791497
1.04850105084e-22
-1.27566229863e-21
-1.55552600656e-21
0.261661462597

F14:
-0.0165800107426
0.0146719320517
-1.36889262296e-22
1.51053221259e-21
-4.82703191202e-23
-0.0756170607267

F15:
0.00279565595157
-0.111311692613
3.63154899916e-22
-5.31966035503e-21
-2.65735617158e-21
0.525752515002

