F1:
0.000623159920491
0.000263415685598
-0.00031633018551
0.000199038633771
-0.0011317697088
-0.00049997094344

F2:
0.000265823513903
0.000794915247413
-0.000886604767915
0.000392943015358
-0.00214357388762
-0.00120737723102

F3:
-0.000305453310467
-0.000881052369306
0.00197780511363
-0.00027535993178
0.00407688501358
0.00184215257518

F4:
-0.000620166521944
-0.000258845646342
0.000306672769493
-0.000197875063064
0.0011105123535
0.000489545081463

F5:
-0.000258293699413
-0.000781654191451
0.000876517982675
-0.000405487137319
0.0021165057461
0.00118495490064

F6:
0.000317473219814
0.000884544290271
-0.00199326064055
0.000281006435663
-0.00410558043971
-0.00184920804615

