F1:
0.000480732264828
-0.000315933937086
0.000505760771957
-5.17458748432e-05
0.000863204374789
0.000477954388713

F2:
-0.000305636192156
0.00169028884683
0.000862384896978
-0.000884155323423
0.00201370023647
-0.00421927193349

F3:
0.000516301600978
0.000863745092435
0.00257866050475
0.0006187053478
0.00579229369006
-0.00188078038531

F4:
-0.000475795880799
0.000313295798262
-0.000499760563785
5.3089496922e-05
-0.000848674036039
-0.000472428637607

F5:
0.000323540706815
-0.00170592129557
-0.000872133157287
0.000887864016847
-0.00202376046407
0.00424327151578

F6:
-0.00048917190594
-0.000871020241114
-0.00257021166049
-0.000630827106419
-0.00577826718984
0.00188411527881

