F1:
-1.42740568931e-06
2.13025705526e-06
-7.61713330456e-26
-2.32011870912e-25
-7.96764729616e-26
6.25313792368e-06

F2:
8.27939789227e-08
-1.26362588115e-07
4.20116828857e-27
1.06253347545e-26
-9.32241886886e-28
-3.67967547876e-07

F3:
-2.22906268443e-09
2.20354609559e-09
-1.38606672914e-28
-5.45098662628e-28
-1.59875368738e-28
6.62215604574e-09

F4:
-1.30696959234e-05
1.95131828338e-05
-6.99885018081e-25
-2.12744334933e-24
-7.53817550285e-25
5.7779597191e-05

F5:
-3.0824828931e-07
4.6086034694e-07
-1.36120007156e-26
-5.08523572349e-26
-5.94060495353e-27
1.03619774661e-06

F6:
1.36945246809e-09
-1.35237010757e-08
-1.01728596036e-28
-1.29538355611e-27
3.86578350999e-28
-2.57750274457e-08

F7:
-0.000130538822058
0.000194977861868
-6.98369151654e-24
-2.12517590056e-23
-7.57642118133e-24
0.000577556838758

F8:
-5.96555197463e-07
8.0513586545e-07
-9.64747859122e-27
-1.32273225086e-25
2.47636329201e-26
2.35010206406e-07

F9:
-3.43123435498e-08
-6.34515291975e-08
-3.69692076781e-27
-2.18488722093e-26
-1.20299212597e-27
-7.4157950114e-08

