F1:
8.77859476006e-06
-2.42973003356e-06
2.72950880444e-07
-2.35054270275e-07
1.76252033746e-06
3.63468179818e-06

F2:
-2.41413540494e-06
4.76466392482e-05
2.69072304253e-06
-1.07418859227e-05
7.92685810834e-06
-0.00010755406352

F3:
2.80019358478e-07
2.68887207927e-06
3.89306364791e-05
4.86378697635e-06
8.14497085039e-05
-6.75315382674e-06

F4:
-8.77667058102e-06
2.41844220759e-06
-2.79009518743e-07
2.36816293399e-07
-1.7755130863e-06
-3.60940425613e-06

F5:
2.41728796521e-06
-4.76208303835e-05
-2.68449907295e-06
1.0737994054e-05
-7.91006610308e-06
0.000107496932819

F6:
-2.75688055412e-07
-2.68790454757e-06
-3.89279345664e-05
-4.865010532e-06
-8.14455020866e-05
6.75058480286e-06

F7:
8.77971085862e-05
-2.41896836552e-05
2.78538389426e-06
-2.37230076877e-06
1.77436317084e-05
3.61083286757e-05

F8:
-2.38498443297e-05
0.000476511160123
2.67759469034e-05
-0.000107377542607
7.91261994891e-05
-0.00107562497081

F9:
3.00104038728e-06
2.68928037892e-05
0.000389391661782
4.85864890303e-05
0.000814610452153
-6.75584822437e-05

F10:
-8.77389062999e-05
2.41520322168e-05
-2.78164652008e-06
2.37436630577e-06
-1.77411091857e-05
-3.60205501646e-05

F11:
2.44793013608e-05
-0.000476278895767
-2.69991603772e-05
0.000107446814519
-7.92959237874e-05
0.00107514132052

F12:
-2.56506914567e-06
-2.68160853317e-05
-0.000389138087905
-4.87066193085e-05
-0.000814224668031
6.73465438038e-05

F13:
0.00446047560585
-0.00125537765708
0.00014273333382
-0.000116982671611
0.000887873019713
0.00191235482671

F14:
-0.000410422874758
0.0240565394174
0.0010628418955
-0.00524870038086
0.00373777135185
-0.0542635444044

F15:
0.000693424265225
0.00143268792096
0.0197457435922
0.00227666350426
0.0411350454729
-0.00361780938955

F16:
-0.00431553296317
0.00116520009442
-0.000135242535795
0.00012072874996
-0.000885072121937
-0.00170167375475

F17:
0.00196649453736
-0.0234257064669
-0.00159827957842
0.00541131131879
-0.00411950583586
0.0529414741184

F18:
0.000392383264518
-0.00124427232222
-0.0191137480984
-0.00257554849313
-0.0401734184067
0.00309648596568

