F1:
4.62093167952e-07
3.38921511189e-07
4.60242104236e-26
-5.21421606663e-26
-2.70333652018e-25
2.52663700213e-06

F2:
3.74102562678e-07
4.34857241441e-06
-3.63635320113e-26
-1.40840154631e-25
-2.70244205578e-25
1.62450162533e-05

F3:
2.69637815248e-06
1.63316445863e-05
-7.39493739543e-26
-8.29479778223e-25
-1.76571727742e-24
7.15017097225e-05

F4:
4.65186376283e-06
3.81153946033e-06
4.0263246234e-25
-5.59269128122e-25
-2.45030204477e-24
2.71213647296e-05

F5:
3.79164447975e-06
4.37195589195e-05
-3.75494718361e-25
-1.42500902649e-24
-2.66802780468e-24
0.000163547774097

F6:
2.72642179283e-05
0.000164157715925
-7.36600699514e-25
-8.34204824521e-24
-1.77767548127e-23
0.000719186709788

F7:
4.65142865542e-05
3.82683854109e-05
4.02821989662e-24
-5.60361064392e-24
-2.45339566642e-23
0.00027168891632

F8:
3.90641640799e-05
0.000438997484825
-3.7379752579e-24
-1.43395705854e-23
-2.69333976642e-23
0.0016468975787

F9:
0.000299596217259
0.00170344207955
-7.21449259969e-24
-8.70853878116e-23
-1.86357849036e-22
0.00751755517424

F10:
0.000473772280495
0.000417749421321
4.04811845554e-23
-5.90914219959e-23
-2.51284050389e-22
0.00287842566407

F11:
0.000507444885437
0.00454954130408
-3.67252582452e-23
-1.50459441636e-22
-2.86195166408e-22
0.0175464655551

F12:
0.008465114845
0.023395526576
-7.06239741117e-23
-1.25676808855e-21
-2.72774295212e-21
0.11946357942

F13:
0.0144859923904
0.0235927474849
4.07250806459e-22
-2.33705029838e-21
-5.22604501659e-21
0.138330747897

F14:
0.0102274880158
0.0346761646676
-3.16360108846e-22
-5.96670951897e-22
-1.55497163577e-21
0.160237438122

F15:
0.0481590102245
0.0433686069649
-6.16308073114e-22
-2.84735046297e-21
-6.98053776628e-21
0.366882965654

