F1:
4.55859210141e-06
3.11449413119e-06
1.733656004e-07
2.91513828781e-07
2.19751340549e-06
-4.211590628e-06

F2:
3.10481138951e-06
3.28771306941e-05
-5.069202664e-06
-1.48024824949e-05
-1.355024511e-05
-7.73365412387e-05

F3:
1.8239563393e-07
-5.05299061479e-06
2.44028038453e-05
-3.7043853442e-06
4.99752598169e-05
1.1444078515e-05

F4:
-4.56111437075e-06
-3.13407148043e-06
-1.60266820647e-07
-2.85136913563e-07
-2.17029132591e-06
4.25625658527e-06

F5:
-3.0931711531e-06
-3.28301499598e-05
5.04446725732e-06
1.47837932126e-05
1.35014799701e-05
7.72297597388e-05

F6:
-1.86237917754e-07
5.00964342324e-06
-2.43783044161e-05
3.72115838916e-06
-4.9924347648e-05
-1.1344479193e-05

F7:
4.55869379526e-05
3.10544229083e-05
1.79230696281e-06
2.95281029872e-06
2.21023634334e-05
-4.19086272796e-05

F8:
3.12257875972e-05
0.000328577270663
-5.06880725728e-05
-0.000147961507104
-0.00013531119153
-0.000772906248818

F9:
1.92788475148e-06
-5.06250067786e-05
0.00024416622972
-3.69891571023e-05
0.000499998134877
0.000114687763249

F10:
-4.55435681814e-05
-3.09788428717e-05
-1.80222510372e-06
-2.97492102014e-06
-2.21174625493e-05
4.17386213177e-05

F11:
-3.07906535906e-05
-0.000328741306361
5.05639825192e-05
0.000147998337354
0.000135452495292
0.00077331551449

F12:
-1.65506283845e-06
5.06942766187e-05
-0.000244000511702
3.70029650244e-05
-0.000499753101225
-0.000114778841642

F13:
0.00232888335296
0.0016158617766
9.65246681182e-05
0.000130925085679
0.00112645269242
-0.00223743720759

F14:
0.00208907993674
0.0162676534516
-0.00269757313599
-0.00734973498562
-0.00662620996715
-0.0382422953919

F15:
0.000424447273294
-0.00253332012201
0.0124637475827
-0.00179623017496
0.0254143291533
0.00582285979529

F16:
-0.00223005273762
-0.00149212129118
-8.39580237398e-05
-0.000162963247739
-0.00108582927059
0.00196094299034

F17:
-0.000988986689984
-0.016590041326
0.00234454323217
0.00740676109055
0.00688583986237
0.0390650626786

F18:
0.000229986857257
0.00252040566723
-0.0119555448113
0.00190210631229
-0.0246012600012
-0.00562536224799

