F1:
4.37072439075e-08
-3.28391087017e-08
3.92806708742e-08
-8.21921541371e-09
6.32782232744e-08
5.15283906723e-08

F2:
-3.1123908617e-08
1.63809756357e-07
7.97722750316e-08
-8.87040615113e-08
1.85683826051e-07
-4.09522636544e-07

F3:
4.98166210783e-08
8.37216688344e-08
2.52557465952e-07
6.19950502484e-08
5.67632780025e-07
-1.81267115895e-07

F4:
-4.61016259612e-08
3.71546921209e-08
-3.90649838883e-08
6.82509991686e-09
-6.10342245572e-08
-6.08450991706e-08

F5:
3.29006185351e-08
-1.68564964973e-07
-8.18461143888e-08
8.97491274745e-08
-1.9165299488e-07
4.20002429202e-07

F6:
-4.76043547637e-08
-7.91908832994e-08
-2.41667294272e-07
-6.0031331116e-08
-5.44067647957e-07
1.70512749405e-07

F7:
4.7798689462e-07
-3.21801974677e-07
4.92933996117e-07
-5.29860952203e-08
8.33565114526e-07
4.91634426884e-07

F8:
-3.1503921849e-07
1.69538318686e-06
8.62673701979e-07
-8.86534193681e-07
2.0085663221e-06
-4.22498899303e-06

F9:
4.98626704509e-07
8.54704346098e-07
2.54890375446e-06
6.21056337519e-07
5.72946334989e-06
-1.8526899751e-06

F10:
-4.79755779853e-07
3.10984718935e-07
-5.10811267292e-07
5.11003078001e-08
-8.73383733796e-07
-4.66613213824e-07

F11:
3.14266201368e-07
-1.69243771375e-06
-8.60690631192e-07
8.86097299581e-07
-2.00347287408e-06
4.21841616113e-06

F12:
-5.11344726339e-07
-8.78118625202e-07
-2.60784885515e-06
-6.31816345408e-07
-5.85611213596e-06
1.90860405014e-06

