F1:
0.000877941492815
0.000244534047603
2.72469383894e-05
2.40330457471e-05
0.000177264184521
-0.000365372537125

F2:
0.00027372219109
0.00472944141863
-0.000284140634446
-0.00109131945426
-0.000807190694797
-0.0106861839538

F3:
4.90280804833e-05
-0.000276945237564
0.00389893325458
-0.000477878165356
0.00814862157567
0.000690916462824

F4:
-0.000872067194459
-0.000240899721091
-2.69647295376e-05
-2.42073437267e-05
-0.000177183791761
0.000356873094689

F5:
-0.000211221872388
-0.00475527761023
0.00026270548673
0.00108516871461
0.000792388293161
0.0107404522174

F6:
-5.32893673419e-06
0.000269346837556
-0.00387368176371
0.000489806822356
-0.00811014078547
-0.000669910358361

