F1:
9.04500884191e-08
-2.44387835365e-08
4.38935474194e-08
-9.56504167307e-09
8.39909006244e-08
3.4959168665e-08

F2:
-2.23631139717e-08
3.8780101502e-07
7.20742452455e-08
-4.7251356722e-08
1.64942683408e-07
-8.96234355558e-07

F3:
4.03504532842e-08
7.05062283106e-08
3.92045315562e-07
5.32172298014e-08
8.81409819701e-07
-1.54642037637e-07

F4:
-8.97552103751e-08
1.68488715477e-08
-5.22125084355e-08
8.78481230596e-09
-1.02820247373e-07
-1.80595576791e-08

F5:
2.02167231567e-08
-3.81625571257e-07
-7.22749353586e-08
4.65708387562e-08
-1.65173739612e-07
8.82617191147e-07

F6:
-4.4138574351e-08
-6.69613441758e-08
-3.99382514824e-07
-5.47880619389e-08
-8.97529736581e-07
1.47236613602e-07

F7:
8.81804130465e-07
-2.15053535745e-07
4.20740642681e-07
-1.00381659067e-07
8.01804215658e-07
2.88079491699e-07

F8:
-2.10415108837e-07
3.81429474022e-06
6.93642009867e-07
-4.70504410238e-07
1.58712963467e-06
-8.82051728399e-06

F9:
4.19679154096e-07
6.88481496483e-07
3.94938836242e-06
5.38543974824e-07
8.87741217787e-06
-1.5117080703e-06

F10:
-8.78022743456e-07
2.17178380562e-07
-4.05647767045e-07
1.0278735148e-07
-7.68233047669e-07
-2.93408474903e-07

F11:
2.08329172607e-07
-3.80618191852e-06
-6.91673245932e-07
4.70023771168e-07
-1.58245924625e-06
8.80252779499e-06

F12:
-4.24197786564e-07
-6.85392736114e-07
-3.9600724858e-06
-5.40679605885e-07
-8.90095359014e-06
1.50545579219e-06

