F1:
1.6049112368e-06
-4.68783742463e-07
-1.00702761107e-25
-2.54845971118e-25
1.29671051334e-25
2.13218732641e-07

F2:
-5.34979847561e-07
3.08261845688e-07
1.72831974716e-26
1.44863374566e-25
6.18965134957e-26
6.22978036009e-07

F3:
2.03150412631e-07
5.94051626363e-07
-1.25017112042e-25
4.35460290438e-25
5.11030593944e-25
5.36961463092e-06

F4:
1.55593669797e-05
-4.52945794169e-06
-9.62814568824e-25
-2.46530330623e-24
1.23193926842e-24
2.3016728978e-06

F5:
-4.85503089809e-06
2.90509130307e-06
9.06547904121e-26
1.39539358342e-24
8.52463493488e-25
5.90639396015e-06

F6:
2.10894758074e-06
5.89212783647e-06
-1.30077331404e-24
4.40259099348e-24
5.36713155315e-24
5.38347058947e-05

F7:
0.000151892599466
-4.40964869137e-05
-9.32092723518e-24
-2.40649326808e-23
1.17957740905e-23
2.39149698846e-05

F8:
-4.46142866849e-05
2.77660762738e-05
5.7783285815e-25
1.33074390993e-23
9.05897537691e-24
5.82997968944e-05

F9:
2.36169245093e-05
5.82016645071e-05
-1.30270751677e-23
4.34827681717e-23
5.30734806108e-23
0.000539083131833

F10:
0.00151935067558
-0.000442190756224
-9.35970879733e-23
-2.42419423136e-22
1.16338661603e-22
0.000251360948536

F11:
-0.000442630952048
0.000276537496016
5.50897313288e-24
1.32212725791e-22
9.09912601957e-23
0.000586347849203

F12:
0.000243848971925
0.000579666031311
-1.32173752507e-22
4.39515111465e-22
5.34641506366e-22
0.0054505601722

F13:
0.0147322634009
-0.00438506387698
-9.28418715311e-22
-2.49556189774e-21
9.42874166195e-22
0.00371110530272

F14:
-0.00444403432519
0.00277550030332
5.91039860337e-23
1.2959979464e-21
8.98223579238e-22
0.00627434635761

F15:
0.00348329184909
0.0053897614016
-1.59547725872e-21
4.92831715783e-21
5.88845143225e-21
0.063016902827

