F1:
2.46728843433e-05
-1.43856319349e-05
2.07258561898e-25
-1.12978881748e-25
-1.44319173687e-24
0.000142493628513

F2:
1.09945879706e-07
-5.66121151069e-08
5.74725030164e-29
-5.75608600634e-28
-2.46110508953e-27
6.33060827648e-07

F3:
1.0489533353e-08
-5.95902577283e-09
4.11559338234e-29
7.20361533653e-29
-3.41101693719e-28
6.19923852252e-08

F4:
0.000247994959964
-0.000145669048969
2.06983320871e-24
-1.14666659144e-24
-1.43492556294e-23
0.00143432530432

F5:
1.03779551786e-07
2.57668886228e-11
-3.56760530605e-27
8.83447375118e-27
2.83445272014e-28
5.93154306339e-07

F6:
9.4002961526e-09
-5.51621537337e-09
4.11182755282e-29
2.11253282229e-27
-1.11068448649e-27
7.03846873007e-08

F7:
0.00251021974775
-0.00159112581454
2.00562293461e-23
-1.15485984077e-23
-1.32361624105e-22
0.0147503901525

F8:
1.26606797574e-07
5.18410840089e-07
-3.94609219913e-26
1.01708640484e-25
2.55399784438e-26
6.87692028101e-07

F9:
5.9173139999e-09
1.57566135139e-09
-7.56620781107e-28
2.25622913496e-26
-6.38319729733e-27
1.96059827484e-07

