F1:
2.05598157133e-06
1.27411725003e-05
-5.94428753399e-26
-6.34586425487e-25
-1.34892030815e-24
5.53374590911e-05

F2:
2.38070665959e-09
3.57792571681e-08
-6.30458339443e-28
-1.18408242291e-27
-3.50473248659e-28
1.31829685388e-07

F3:
-5.76252351392e-10
-5.76728387269e-11
-8.57284348363e-29
6.43636688262e-30
3.19059075292e-28
-7.20987794771e-11

F4:
2.07599258057e-05
0.000128014265118
-5.93732791445e-25
-6.37961187218e-24
-1.35669850467e-23
0.000556313652294

F5:
-2.62851805044e-08
7.52986110131e-08
-4.18354655723e-27
2.46642974394e-27
1.88882242613e-26
1.07035666771e-07

F6:
-5.65215546589e-09
-1.14905893134e-09
-7.44614584306e-28
1.02886068665e-28
2.65378432668e-27
-2.50961176456e-09

F7:
0.000223338124921
0.00131620311761
-5.85161051114e-24
-6.59228189755e-23
-1.40631830132e-22
0.00575334602017

F8:
-2.88769320872e-07
4.9519009912e-07
-3.01086663163e-26
3.85523018808e-26
1.56838583884e-25
2.25852076634e-08

F9:
-5.63562467248e-08
-1.20589128128e-08
-7.33753689119e-27
1.05573460143e-27
2.6017160556e-26
-2.65479674455e-08

