F1:
2.18051162701e-05
-1.93975052489e-05
1.13476302637e-26
-1.40244648713e-24
-8.01378015686e-25
0.000107739502824

F2:
5.57554158398e-08
-5.32377567308e-08
6.22018568402e-28
-5.40254369745e-27
1.24586532933e-27
2.93831692317e-07

F3:
1.25000484963e-09
-9.31883098465e-10
7.66803052202e-29
-3.96028910818e-28
4.59693912484e-28
5.12961420319e-09

F4:
0.000221095532812
-0.000196909159496
1.30423089805e-25
-1.42236320884e-23
-8.09728528533e-24
0.00109380402813

F5:
1.15282193236e-08
-5.45208067027e-08
1.92004441432e-27
-3.72093887673e-27
8.97669747281e-27
2.91239053811e-07

F6:
9.70751368179e-10
9.3372817811e-10
6.74897754495e-28
-2.90635175968e-27
4.5160982554e-27
-5.4585183159e-09

F7:
0.00252974052155
-0.00228634074704
2.86599775266e-24
-1.60618418194e-22
-9.24642743377e-23
0.0127166779091

F8:
-4.11553319313e-07
-8.58828839712e-08
1.46390671586e-26
1.32326591795e-26
8.34712817682e-26
3.66483823753e-07

F9:
-2.03101888085e-09
1.90425794855e-08
6.60684296988e-27
-2.77239435904e-26
4.47311951616e-26
-1.08618940293e-07

