F1:
4.06979699941e-08
2.98417283448e-08
7.49757625665e-09
3.2548653289e-08
-4.4297096668e-08
-3.6411968548e-08

F2:
1.71613191435e-08
7.27082796954e-08
-7.75565504104e-08
-1.039399371e-08
-1.80645394079e-07
-1.27232123336e-07

F3:
1.24030853921e-08
-7.2531145798e-08
1.46507282615e-07
-4.36524700095e-08
3.02120257104e-07
1.3693822939e-07

F4:
-4.69733841546e-08
-2.42478979985e-08
-2.54331178944e-08
-3.43148001802e-08
2.76298400975e-08
2.94254501608e-08

F5:
-1.60553460249e-08
-7.13513109385e-08
7.67949285108e-08
1.19115983637e-08
1.75415901684e-07
1.24322122143e-07

F6:
-2.12874730066e-08
6.86809612519e-08
-1.52206022555e-07
3.47455711804e-08
-2.8801984622e-07
-1.27561072495e-07

F7:
4.00045266719e-07
2.30939192593e-07
1.78400177381e-07
2.83685381533e-07
-2.2603618183e-07
-2.51537135264e-07

F8:
2.26313907753e-07
7.28416478367e-07
-7.03536200057e-07
-5.58698911166e-08
-1.81597221064e-06
-1.29037669081e-06

F9:
1.7616708306e-07
-6.96157496293e-07
1.48759259083e-06
-3.81557628337e-07
2.9207383353e-06
1.30524977247e-06

F10:
-3.93446406538e-07
-2.32421709524e-07
-1.66947382455e-07
-2.79019122204e-07
2.27931622354e-07
2.5095640756e-07

F11:
-2.36478166216e-07
-7.28000674566e-07
6.88997858405e-07
4.79354264738e-08
1.8180995615e-06
1.29384073391e-06

F12:
-1.73022992794e-07
6.97342077775e-07
-1.48528616357e-06
3.84179564293e-07
-2.92423494472e-06
-1.30770716643e-06

