F1:
4.48061535918e-06
5.09965280353e-07
-8.87862482118e-08
-2.0955479957e-06
2.57453892692e-06
-6.57755812547e-06

F2:
5.11078491749e-07
1.84558530192e-05
4.4232862807e-06
-1.20140112564e-05
1.30349854188e-05
-4.32763295496e-05

F3:
-8.57346355021e-08
4.40931497518e-06
6.94754544615e-06
3.59664596087e-06
6.635331899e-06
-1.16693630151e-05

F4:
-4.48033358938e-06
-5.09844162696e-07
8.8796113488e-08
2.09554075248e-06
-2.57438871926e-06
6.57697851861e-06

F5:
-5.09852760178e-07
-1.84546459963e-05
-4.42340372684e-06
1.20144865034e-05
-1.30336244101e-05
4.32744592017e-05

F6:
8.6378807107e-08
-4.40812469475e-06
-6.94666041896e-06
-3.5975565613e-06
-6.63336018045e-06
1.16657815991e-05

F7:
4.48263760881e-05
5.12721370402e-06
-8.82614201487e-07
-2.09760761423e-05
2.57725785622e-05
-6.58633978706e-05

F8:
5.1895873486e-06
0.000184609759004
4.42152626244e-05
-0.000120140983925
0.000130425132363
-0.000432886027632

F9:
-8.43291392605e-07
4.41222728473e-05
6.95130807376e-05
3.59545463761e-05
6.64149584532e-05
-0.000116773902799

F10:
-4.47845610864e-05
-5.07507060379e-06
8.9230128277e-07
2.09386494367e-05
-2.5720588738e-05
6.56937109012e-05

F11:
-5.02398841867e-06
-0.000184492009825
-4.42483191486e-05
0.000120146430509
-0.000130261439037
0.000432622998157

F12:
8.78021978179e-07
-4.40523274855e-05
-6.9429217424e-05
-3.59875943892e-05
-6.62720641723e-05
0.000116577581505

F13:
0.00229465481886
0.000324726106743
-3.10930071226e-05
-0.00109719343751
0.00135687354798
-0.00351389847089

F14:
0.000469160812985
0.00938090301935
0.00216474198991
-0.00600188537015
0.00671525291316
-0.0219843738081

F15:
2.013676176e-06
0.00229193490565
0.00358291496586
0.00175895339305
0.00350264124888
-0.00607900192085

F16:
-0.00218943029244
-0.000192902732927
5.55848542734e-05
0.00100235000016
-0.00122544310359
0.00308538001856

F17:
-5.47336044261e-05
-0.00908546014079
-0.00224743284594
0.00601516089426
-0.0063059553622
0.0213244267974

F18:
8.42500686216e-05
-0.00211885106119
-0.00337327261748
-0.00183970024754
-0.00314651228942
0.00559332394189

