F1:
1.16485912749e-06
7.79276042889e-07
-8.85878401925e-26
-1.58458314029e-25
5.11990566184e-26
-3.04262350259e-06

F2:
8.13979718101e-07
7.95348185284e-07
-8.48601673398e-26
1.20727909804e-28
2.27292263614e-25
-1.82473261867e-06

F3:
-3.14164771023e-06
-1.83165924228e-06
1.79452696196e-25
8.47186001797e-25
2.72804435121e-25
1.21671874999e-05

F4:
1.16489101955e-05
7.76716562523e-06
-8.36789208272e-25
-1.49904930976e-24
-5.22882096298e-25
-3.04557538948e-05

F5:
7.86532733307e-06
7.61606945124e-06
-8.60237341454e-25
-2.42210301348e-25
3.34817338058e-24
-1.76970161486e-05

F6:
-3.05009606454e-05
-1.74200048082e-05
1.58570095234e-24
8.28573072634e-24
5.38075846046e-24
0.000119603371626

F7:
0.000117568307124
7.86162992106e-05
-8.64415473478e-24
-1.54133888236e-23
-1.22114906777e-24
-0.000306899382393

F8:
7.87517613337e-05
7.69879433215e-05
-8.48847547017e-24
-9.6339735425e-25
2.85168704605e-23
-0.00017612329433

F9:
-0.00030924249089
-0.000177551725404
1.66285444566e-23
8.43996781248e-23
4.3222477295e-23
0.00120738506516

F10:
0.00116234788874
0.000774075269016
-8.51053380766e-23
-1.4961903176e-22
-2.76103998896e-23
-0.00301209813709

F11:
0.000777897120675
0.000761654401884
-8.45475574143e-23
-1.08201339425e-23
2.9118513954e-22
-0.00173254257406

F12:
-0.00329775325103
-0.00191794765237
1.78996175157e-22
8.8786719016e-22
3.90878942522e-22
0.0126832090718

F13:
0.0108157185216
0.00694432232009
-8.06985743025e-22
-1.30538387229e-21
-3.58319606449e-22
-0.0262027602487

F14:
0.00711225299114
0.00718559519017
-8.11999619726e-22
1.87788169643e-23
2.70552959827e-21
-0.0151610848591

F15:
-0.138487909518
-0.0496916330236
-1.21433536439e-21
2.63217443372e-21
-6.39829224704e-23
0.809231184667

