F1:
3.53850566479e-06
-1.94672568368e-06
5.65392555611e-26
-4.8856292092e-26
-3.39115791062e-25
1.94531925326e-05

F2:
-1.90643580009e-06
1.87997073964e-06
-6.89178233306e-26
1.42937337141e-25
1.54383797545e-25
-1.10519421271e-05

F3:
1.99773871378e-05
-1.15890281387e-05
1.58047448081e-25
-7.18181547348e-26
-1.14312265012e-24
0.000115538384814

F4:
3.63702185029e-05
-2.00480493527e-05
5.69379534166e-25
-5.02943876494e-25
-3.41417706038e-24
0.000200239101684

F5:
-1.99582379138e-05
1.92998736363e-05
-6.9289303334e-25
1.44210673876e-24
1.56710288153e-24
-0.00011564671541

F6:
0.000200940934952
-0.000117273624252
1.58000036666e-24
-7.34090695373e-25
-1.13845710736e-23
0.00116348385248

F7:
0.000363824151771
-0.000202586836352
5.67163649794e-24
-5.04730309225e-24
-3.39295453996e-23
0.002006874253

F8:
-0.00019847368052
0.000191617347756
-6.91331561216e-24
1.44078997252e-23
1.56647947267e-23
-0.00114844904156

F9:
0.00202883249373
-0.00125986492643
1.53655468782e-23
-7.40582104463e-24
-1.06509650634e-22
0.0118967174002

F10:
0.00354602559838
-0.00217643017354
5.4183273095e-23
-5.05683494715e-23
-3.16062535803e-22
0.0199318305075

F11:
-0.00180252259466
0.00175317821479
-6.7339333483e-23
1.41512882912e-22
1.53448652932e-22
-0.0103068959871

F12:
0.0116627477989
-0.109954270587
-2.39959519734e-22
-4.11582110622e-24
6.50082883315e-22
0.447465092156

F13:
0.0206578966348
-0.0883269849199
1.7395644432e-22
-6.04947198168e-22
-1.55048048716e-21
0.372647066615

F14:
-0.0098999751838
0.01158484289
-5.63810160784e-22
1.25438735706e-21
1.25841630969e-21
-0.0532787647156

F15:
-0.00377927529521
-0.139498979525
-1.70093919271e-21
-4.45564814875e-22
4.20912244351e-21
0.56212592312

