F1:
1.44726723722e-06
7.00812507082e-07
-2.8488238556e-26
3.9503617435e-26
-3.01696223743e-27
-3.72878294454e-06

F2:
7.15251356059e-07
6.39762747001e-07
-3.02765490973e-26
-2.93990634338e-26
-2.02001561081e-26
-1.877386456e-06

F3:
-3.75514475601e-06
-1.76321629744e-06
4.13679923465e-28
-6.18607003857e-26
-1.21374591931e-25
1.8810452106e-05

F4:
1.44816350065e-05
6.93717977682e-06
-3.4746212024e-25
6.23069073148e-25
-2.56347138327e-25
-3.75682623618e-05

F5:
6.95433798401e-06
6.26069370413e-06
-4.33321496221e-25
1.27140442011e-25
-6.52901036962e-25
-1.76626097826e-05

F6:
-3.76547563897e-05
-1.76422817826e-05
-4.87667688715e-27
-5.90272082368e-25
-1.25321547683e-24
0.000188018119903

F7:
0.000144896611682
6.96881317687e-05
-3.36567907525e-24
5.79962691977e-24
-2.14642273894e-24
-0.000375165586889

F8:
6.97221007101e-05
6.23334947971e-05
-4.48323171928e-24
1.86069670224e-24
-7.07175236141e-24
-0.000176411310259

F9:
-0.000379467222904
-0.000176162238604
1.489425092e-25
-6.74121964227e-24
-1.19197216806e-23
0.00189407656323

F10:
0.00143787714581
0.00070034868561
-3.36008823485e-23
5.69977978384e-23
-2.11387962812e-23
-0.00368595565409

F11:
0.00070178032138
0.000626532901005
-4.48727170465e-23
1.92089846079e-23
-7.10209981277e-23
-0.00178077845155

F12:
-0.00414573574757
-0.00173827410666
6.89991932591e-24
-1.05750804342e-22
-1.09808738551e-22
0.0205684676681

F13:
0.0133107579671
0.00717674645583
-3.34957536812e-22
4.90116923859e-22
-2.10830719805e-22
-0.0309073185787

F14:
0.00746493322931
0.00655430302033
-4.28270684677e-22
1.97589107803e-22
-6.72333904536e-22
-0.0193987648182

F15:
-0.0426460941384
0.00770031192943
4.60770391522e-24
-2.88401511512e-21
-1.9577658875e-21
0.283318834683

